version https://git-lfs.github.com/spec/v1
oid sha256:571ee3a9052fb2f2e2a64dac3cf3e929f2536c7e6fef11e4251d6356d0631ff0
size 383
