version https://git-lfs.github.com/spec/v1
oid sha256:41cb69cf068c90d781c4a05cf5edd0e058a4b5e0e40da56d83d80261e939ac48
size 252
